44866
962
30248
63363
7340
45571
64025
65315
42454
61633
47415
41734
2156
22551
43677
60655
23770
14439
21204
13268
47020
13790
31733
16939
63633
49780
60052
12085
18868
12434
4022
19304
62467
58737
14877
51092
28964
31149
3454
28111
38687
64715
31740
47416
32177
48551
18600
22568
18202
55846
20552
4572
20215
56493
49947
44876
50931
2428
56974
54479
27619
59885
871
16861
33629
39844
41941
9141
37792
28217
3986
43382
29327
12100
43714
53785
7699
62247
24900
8616
58792
15435
58149
4191
27463
44020
21307
18284
59053
14970
60799
10447
29289
43446
56116
26090
25422
6050
63044
8126
14878
26819
57001
61369
29182
38542
11239
26143
42332
44362
5146
50676
29697
39879
61942
46058
35098
38270
11716
63698
46208
8612
13017
36403
28783
32733
65011
49047
27087
35169
6382
62178
52735
58475
24663
32767
43877
17185
1827
8788
39626
34799
63238
57244
1081
21269
57406
34151
35773
32897
13591
928
50829
3650
35695
15540
6302
23303
50175
22049
11088
34174
11254
64500
34853
20836
3094
25050
38041
31163
45272
29404
5735
59766
35837
38871
65527
24749
14590
43745
5100
34096
46514
7342
53901
62808
18240
28607
36090
25699
15263
3364
44590
3113
59681
3751
41481
22788
4850
1126
60423
59033
49748
30321
15207
63250
62455
4139
44658
3701
26182
2373
11109
22862
52313
43379
14604
54624
34881
15998
9145
44154
27255
47798
25395
61722
20968
35281
7130
37597
42032
13994
34410
20893
40739
56044
59261
6680
24281
17672
16227
14899
62904
28451
50571
28091
10559
38115
46502
56057
52773
40152
41253
43269
35819
63116
58124
9345
10875
46765
38802
10949
52989
63744
33162
21388
34644
8896
5946
38485
47201
59759
56072
48896
59926
18545
38136
15628
45107
15700
46140
50839
12073
1391
26218
952
52364
8731
61635
23804
49616
61726
51473
63475
33044
42865
23538
35897
38596
54147
32610
45405
4623
48020
14104
32695
39370
23374
46619
19227
30151
64346
52017
4919
48605
19625
5501
14875
642
10685
16699
41603
34473
6382
64316
34056
8809
64793
29098
55736
12649
3434
56139
60126
18958
53885
12478
37484
39538
3521
44752
21910
39292
49586
55971
24082
39920
7340
10730
36440
58102
32462
34727
14943
59809
52243
10767
35109
19923
28809
24053
4242
23708
3021
28722
50675
28446
25767
60310
3290
14698
46208
17149
13717
31978
22044
20645
36685
14840
39524
1719
51468
13435
51922
18183
29723
3126
59888
12733
20990
9910
26923
49670
46325
34146
3754
17819
41842
24960
34725
62882
61911
338
27307
40489
61996
55276
41793
4731
17324
17466
45955
63802
19488
32377
56214
59553
55156
48335
57238
37576
40680
52144
52641
61631
13542
13239
11560
37541
11589
12509
26820
61514
49092
52381
62101
21014
33785
10697
41877
35536
63299
48250
38274
45299
63120
46486
18513
38780
13131
16333
15625
19228
27888
26172
27430
65380
9078
10965
37142
57447
53942
46901
32430
15953
8194
58648
8065
43615
51641
1887
25910
23796
28970
49343
52646
44135
22856
25891
20421
24789
3485
25997
4989
17445
13290
22371
46582
47966
62704
30340
39789
24906
54723
61635
13321
14032
14175
45175
18534
54539
11740
50763
42706
15637
61485
32545
37376
6904
48366
54658
28518
6561
62570
28025
40093
54767
5251
354
25258
1261
48142
58718
29142
64866
26993
37097
35612
23859
6032
27099
17331
24624
32016
1302
36230
28021
39039
54928
45935
46020
30904
44945
13175
35073
12211
13837
43721
57149
30546
44630
22684
3815
26664
28700
29992
37833
24859
21532
14959
7728
53659
26717
27661
35971
28124
36954
62404
24748
41579
9377
47268
376
6718
40214
49197
22461
21601
14819
25181
62113
40175
5093
32074
881
1129
3552
8427
61689
61639
36558
49774
37312
43341
29340
11795
62715
22827
9459
53549
217
51720
49237
41503
41775
56905
26151
37842
17600
14402
55742
48108
6298
40703
62439
55479
36278
30719
30079
54235
64037
65145
31061
64521
49694
59819
40769
40735
2917
41953
36642
15229
7139
32745
41445
55095
588
64169
2966
487
7825
50927
29588
20362
42667
25161
23060
37579
51365
18256
19400
363
36244
33921
47319
41050
63420
55909
17038
40204
59905
22893
42685
32870
29871
23248
46988
48154
64849
14595
24151
59206
461
14282
50835
59653
43894
63943
63143
18875
4777
54823
16083
19522
38906
33998
42291
18755
35390
22086
26853
63218
64027
30554
43091
55411
63836
19039
26447
28876
1977
25255
37871
5955
23711
9447
9267
25905
28632
64186
5649
16741
18020
43755
36423
2499
57042
3395
52206
27411
46711
33449
24148
7916
61348
27105
27484
13038
40573
2766
48587
14637
16088
64862
22492
462
14141
769
60986
22561
36095
16826
46491
60339
55397
13003
32934
44683
65467
52487
12311
50982
63840
10216
49948
58584
39374
14717
62815
39612
24400
22932
51706
3577
62380
55616
55805
4760
16738
31343
57801
64624
6021
43207
13587
18944
23019
34553
17815
41973
9421
47830
51001
55174
28689
10961
44350
47644
2214
59770
59934
46150
58109
27428
42497
54986
10687
61315
23039
18735
9413
8464
44899
60285
24463
11870
9593
42872
57493
45779
50478
1692
60920
19540
45886
45969
48320
42770
22276
65123
34731
34698
22717
54354
18124
8600
44279
52507
35579
4687
44997
35368
40086
5442
24571
7857
50657
3466
46243
11385
54049
64282
56377
52699
3928
48736
47452
60824
61621
10933
55948
54628
60779
27732
26098
12271
36192
33891
23986
34890
20616
60812
20690
10553
53750
63955
1787
47553
9720
18165
13804
51959
39718
42531
34183
56402
9366
61028
30207
59778
64329
37512
31311
1442
49181
11529
21287
42320
13042
63751
27277
12952
41124
55483
21174
11360
32114
54001
16719
7661
21801
6904
18396
990
48078
50440
28725
31076
14654
17576
52659
11372
7644
1941
63151
24620
44858
48627
25259
40368
26250
48325
30265
26412
57727
63938
60020
51204
19838
17437
368
50758
14007
62645
5842
1393
52622
32220
33526
46015
34327
12198
6925
9550
58579
40338
28796
12643
57876
17930
6360
34868
26682
8013
64893
14616
33042
14527
59629
37910
4587
44830
10347
27884
58606
17949
15534
41647
57058
22234
52315
11478
58243
45143
39318
61083
9613
4691
22660
15032
39800
9091
23104
28110
35927
65139
60938
58198
45563
34014
46156
64053
11367
46067
27630
63827
28478
54542
48509
41909
